186.181818182 187.636363636 77.3857713254 1.37667682789
186.181818182 375.272727273 76.7395225653 1.36813512029
186.181818182 562.909090909 73.3981099107 1.53091910968
186.181818182 750.545454545 71.7847000379 1.44318811243
186.181818182 938.181818182 71.0759606561 1.55984889336
186.181818182 1125.81818182 70.3391333173 1.76046267533
186.181818182 1313.45454545 69.5804535411 1.77771362389
186.181818182 1501.09090909 68.4995800622 1.8990667775
186.181818182 1688.72727273 72.4469324137 2.06521734461
186.181818182 1876.36363636 70.2565201733 1.83219058721
372.363636364 187.636363636 78.2690727137 1.44750849726
372.363636364 375.272727273 77.3295047095 1.44149286193
372.363636364 562.909090909 74.8855109537 1.45153131211
372.363636364 750.545454545 71.4400250561 1.44286492296
372.363636364 938.181818182 71.321883354 1.55532410278
372.363636364 1125.81818182 70.909058092 1.7923041489
372.363636364 1313.45454545 68.5460309961 1.659683347
372.363636364 1501.09090909 67.8518418027 1.7452750181
372.363636364 1688.72727273 69.0688770699 1.87361133174
372.363636364 1876.36363636 70.4644673183 1.71944805211
558.545454545 187.636363636 78.4937931424 1.53227798167
558.545454545 375.272727273 78.5967018887 1.50316845257
558.545454545 562.909090909 75.5761330084 1.30619358866
558.545454545 750.545454545 74.0830098918 1.29745422143
558.545454545 938.181818182 115.681474354 1.8548289873
558.545454545 1125.81818182 75.7059048606 2.0218763169
558.545454545 1313.45454545 71.0988058234 1.88661108587
558.545454545 1501.09090909 69.0634936054 1.7431345307
558.545454545 1688.72727273 69.9311641403 1.91809182048
558.545454545 1876.36363636 71.8761848065 1.7320391322
744.727272727 187.636363636 79.31017353 1.49598677802
744.727272727 375.272727273 78.9817783876 1.40979591148
744.727272727 562.909090909 75.9525975879 1.34971018218
744.727272727 750.545454545 68.2565942559 1.4673039096
744.727272727 938.181818182 76.7692631063 1.38551863754
744.727272727 1125.81818182 126.483040434 2.16798183364
744.727272727 1313.45454545 74.4048442524 2.30505359279
744.727272727 1501.09090909 71.2168811036 1.85926659465
744.727272727 1688.72727273 70.2183595997 1.75322798116
744.727272727 1876.36363636 73.4847555451 1.48866639045
930.909090909 187.636363636 79.8401866318 1.52857254764
930.909090909 375.272727273 77.5274276418 1.77551909219
930.909090909 562.909090909 78.9978961156 1.61931932289
930.909090909 750.545454545 89.3611182171 2.5550839169
930.909090909 938.181818182 75.1270729555 2.64548739851
930.909090909 1125.81818182 86.0705286668 3.8733787467
930.909090909 1313.45454545 77.283228236 3.38672640933
930.909090909 1501.09090909 73.1605907713 2.12395147891
930.909090909 1688.72727273 72.7667104599 1.69697601162
930.909090909 1876.36363636 75.4541889886 1.40221177355
1117.09090909 187.636363636 81.7022954513 1.48393787597
1117.09090909 375.272727273 81.242560036 1.44481384602
1117.09090909 562.909090909 81.0402759192 2.03640420949
1117.09090909 750.545454545 77.3887354154 2.14612650035
1117.09090909 938.181818182 76.817578207 4.29034560979
1117.09090909 1125.81818182 83.6501039862 3.49089304276
1117.09090909 1313.45454545 74.8468544532 2.79625237675
1117.09090909 1501.09090909 77.1181888084 1.74193445863
1117.09090909 1688.72727273 77.7589067989 1.4403372295
1117.09090909 1876.36363636 78.8992869375 1.20500575866
1303.27272727 187.636363636 80.8838098289 1.61415424482
1303.27272727 375.272727273 80.5511937438 1.5198741382
1303.27272727 562.909090909 82.2102532062 2.37656699625
1303.27272727 750.545454545 76.5123790112 3.04965220772
1303.27272727 938.181818182 79.3663203462 2.89808670727
1303.27272727 1125.81818182 71.0405553029 2.39206562023
1303.27272727 1313.45454545 76.0505889853 1.78716013967
1303.27272727 1501.09090909 79.4555887414 1.21990484988
1303.27272727 1688.72727273 80.8489637293 1.04947368992
1303.27272727 1876.36363636 84.4051032605 1.34251500735
1489.45454545 187.636363636 82.9725870862 1.64661917525
1489.45454545 375.272727273 84.0388202154 1.46589288817
1489.45454545 562.909090909 82.1035548379 1.99437093433
1489.45454545 750.545454545 78.8058863396 2.37581798253
1489.45454545 938.181818182 79.5337950098 2.42114308697
1489.45454545 1125.81818182 77.7072653877 1.7975104719
1489.45454545 1313.45454545 76.8400694623 1.4149438615
1489.45454545 1501.09090909 75.9966419138 1.01366424927
1489.45454545 1688.72727273 79.3022518588 0.868038329758
1489.45454545 1876.36363636 84.7955808918 0.959509305395
1675.63636364 187.636363636 85.1094599847 1.77955387724
1675.63636364 375.272727273 84.0973177807 1.44505423059
1675.63636364 562.909090909 83.6239604535 1.41094439599
1675.63636364 750.545454545 79.5852339982 1.46763042683
1675.63636364 938.181818182 81.7768627683 1.45046042203
1675.63636364 1125.81818182 78.3445728839 1.36303296413
1675.63636364 1313.45454545 79.6688687218 1.07777894495
1675.63636364 1501.09090909 82.9365290203 0.890746664724
1675.63636364 1688.72727273 82.9121907666 0.794478601072
1675.63636364 1876.36363636 85.3256988652 0.939260835241
1861.81818182 187.636363636 86.4496197156 1.72083529126
1861.81818182 375.272727273 85.4319017947 1.5146190901
1861.81818182 562.909090909 83.0719639444 1.41437292281
1861.81818182 750.545454545 81.0069469833 1.2616216067
1861.81818182 938.181818182 82.8597083517 1.08347923963
1861.81818182 1125.81818182 85.0314079099 1.0394756419
1861.81818182 1313.45454545 84.4376130144 0.880873926407
1861.81818182 1501.09090909 84.7225042035 0.766584089478
1861.81818182 1688.72727273 85.1903188053 0.827148435467
1861.81818182 1876.36363636 84.4996960964 0.961893767568
