186.1818181818182 187.63636363636363 77.30690121780452 2.024646670434384
186.1818181818182 375.27272727272725 75.42723292443875 1.9669472203620397
186.1818181818182 562.9090909090909 71.29603104068161 1.8600800082646753
186.1818181818182 750.5454545454545 70.74703947221079 2.3086205268030713
186.1818181818182 938.1818181818181 71.71676527120762 2.8218944865673325
186.1818181818182 1125.8181818181818 66.74086247513553 2.4887960268911558
186.1818181818182 1313.4545454545455 64.11377385692263 2.280009326322716
186.1818181818182 1501.090909090909 58.05334600488006 2.3056044966859974
186.1818181818182 1688.7272727272725 62.58297621936046 2.1586076174718
186.1818181818182 1876.3636363636363 61.04474574061357 2.4864586670533386
372.3636363636364 187.63636363636363 74.01054084156547 1.7801088281691568
372.3636363636364 375.27272727272725 75.52157459497329 1.9442982768159072
372.3636363636364 562.9090909090909 77.22636344315039 2.1955916356984186
372.3636363636364 750.5454545454545 72.54185289745881 3.140666601483475
372.3636363636364 938.1818181818181 69.69014004994919 3.2731133578386786
372.3636363636364 1125.8181818181818 55.32754888671912 2.818687665665178
372.3636363636364 1313.4545454545455 64.9989134944103 2.9412652798024923
372.3636363636364 1501.090909090909 58.9375884968228 3.036593172869777
372.3636363636364 1688.7272727272725 62.70848957819844 2.362956443845578
372.3636363636364 1876.3636363636363 60.32799584337551 2.252019268601174
558.5454545454545 187.63636363636363 76.3649822206377 1.96123033756563
558.5454545454545 375.27272727272725 77.9001774894032 2.157017812625695
558.5454545454545 562.9090909090909 73.41305969248972 2.6042797873819694
558.5454545454545 1688.7272727272725 48.25166758717403 2.620485612369743
558.5454545454545 1876.3636363636363 61.667476825417246 2.7992380781236568
744.7272727272727 187.63636363636363 78.6126277540788 1.9220133679266538
744.7272727272727 375.27272727272725 75.37893980925467 2.4647762740497554
744.7272727272727 1688.7272727272725 104.25308835020924 3.233620527956841
744.7272727272727 1876.3636363636363 65.04902045662263 2.698198172431415
930.909090909091 187.63636363636363 75.61380728518733 2.3822826274407807
930.909090909091 375.27272727272725 78.84037232698115 2.904419848443994
930.909090909091 1876.3636363636363 65.16314473762543 2.368151185250334
1117.090909090909 187.63636363636363 80.77022817819365 2.6019632072046175
1117.090909090909 1688.7272727272725 74.38134782851675 3.036534551035812
1117.090909090909 1876.3636363636363 69.810257375464 2.348448467788374
1303.2727272727273 187.63636363636363 78.51941432596054 2.391498955128794
1303.2727272727273 1688.7272727272725 65.42526137984542 2.5336505776504286
1303.2727272727273 1876.3636363636363 65.85118873218856 2.1899981889629276
1489.4545454545455 187.63636363636363 74.60799345740136 2.514788206126443
1489.4545454545455 1501.090909090909 58.7911166177558 2.6719317633939896
1489.4545454545455 1688.7272727272725 66.95923753867964 2.2210453790996927
1489.4545454545455 1876.3636363636363 70.63770242016575 1.9692009886644808
1675.6363636363637 187.63636363636363 80.91067349508069 2.654837764709945
1675.6363636363637 375.27272727272725 80.12792716275924 3.455886785287108
1675.6363636363637 1313.4545454545455 70.77220517134718 3.1355513410333438
1675.6363636363637 1501.090909090909 78.12828940106164 2.575064358798584
1675.6363636363637 1688.7272727272725 70.22100299729631 1.7676011155958853
1675.6363636363637 1876.3636363636363 74.52473849431514 1.3749652723534063
1861.818181818182 187.63636363636363 79.43902449579694 2.864008601207847
1861.818181818182 375.27272727272725 79.29547829888054 2.7054894683692914
1861.818181818182 562.9090909090909 77.52699254371204 3.3258663041224454
1861.818181818182 750.5454545454545 77.7411457029767 3.116020579732371
1861.818181818182 938.1818181818181 76.13299069393841 3.5489713819272706
1861.818181818182 1125.8181818181818 74.7402768058382 2.8937720753350598
1861.818181818182 1313.4545454545455 75.1674421123632 2.207366399650458
1861.818181818182 1501.090909090909 75.65534915500537 1.6718046813737133
1861.818181818182 1688.7272727272725 71.59209525198655 1.4779168000843808
1861.818181818182 1876.3636363636363 73.79256937181415 1.3170462452311456
